politics [59557, 46986, 44571, 29746, -2244, 22345, 15809, 71846, 10650, 27097, 28328, 42014, 58423, 44094, 33247, 35868, 34146, 10979, 17553, -1022, 38881, 51344, 43615, -10498, 33999, 45694, 59970, 44069, 10663, 17479, 28991, 69842, 60703, 32601, 79938, 84443, 55496, 68890, 37392, 22327, 32378, 24104, -5123, 74364, 84931, 43549, 39133, 56055, 112530, 59046, 49445, 7814, 42245, -14469, 77531, 54760, 15466, 131477, 157802, 120081, 122183, 77891, 47915, 58961, 14153, -75258, 58278, 101401, 30173, -9272, 52659, 66266, 51494, 58260, 50392, 767, 40999, 14433, 34521, 85313, 121624, 54260, 25389, 128834]
gaming [6871, 7191, 7289, 4972, 11203, 9433, 6464, 46, 20832, 28415, 18720, 18963, 8544, 6231, 12940, 10292, 10908, 32296, 26885, 14191, 21151, 17233, 15193, 11323, 5616, 7164, 3241, -13005, 8704, 24943, 5918, 16614, 15417, 10381, 22314, 10449, 8163, 13666, 4310, 13353, 19623, 15346, 21828, 23349, 22537, 3418, 2657, 8137, 17671, 12162, -3353, 22051, 24946, 66, 30943, 15458, 15219, 16663, 5459, 6719, 14512, 10608, 4985, 10380, 12128, 28861, 42687, 32013, 43812, 36745, 10289, 8698, 14858, 14044, 7930, 15418, 29007, 21149, 24497, 17559, 35941, 26796, 6482, -2522]
worldnews [31485, 30430, 20095, 1460, 56725, 48880, 21053, 62004, 33746, 7159, -5641, 12265, 42741, 16025, 18305, 15955, 14796, 38849, 27887, 29822, 26938, 18871, -14319, -25355, 25258, 16913, 14611, 10274, 14548, 26274, 54247, 47361, 40362, 56376, 32767, 12416, 20153, 24010, 18536, 16204, 58914, 53221, 109478, 45557, 62975, 37744, 27621, 9962, 9922, 11303, 16168, 17292, 20899, 92058, 24272, 53582, 29099, 38255, 17655, -3488, 15900, -6489, 30977, 17937, 28448, 41287, 26420, 9673, 19580, 13691, 14463, 13007, 30288, 21785, 14266, 14608, 30589, 30732, 19069, 44532, 55691, 29759, 8196, -45589]
videos [6382, 14024, 3354, 9415, 10782, 13299, 4089, 4198, 12634, 6553, 574, 479, 4264, 6486, 4904, 6404, 3283, 13057, 12293, 9231, 8424, 20847, 25851, 14113, 10555, 7321, -2029, 11890, 15011, 12281, 12822, -19317, 8165, 6889, 5103, 494, 11230, 2713, 2390, 1402, -3737, 15763, 23737, 20399, 15230, 13374, 10015, 8911, 14631, 10815, 4646, 6951, -5777, 7190, 18925, 5324, 3535, -14279, -13113, -3831, 5422, 5701, 3087, 5049, 8486, 6955, 9303, 16505, 15146, 11404, 9743, 3562, 5222, 10902, 9201, 13335, 18242, -1209, 13813, 9551, 5912, -11478, -4723, -4074]
AskReddit [264570, 242499, 148571, -103226, 192465, 358313, 389057, 118203, 93540, 162388, -16168, -204165, 259569, 308192, 275634, 213383, 241268, 456142, 563029, 377065, 205333, 112035, 191142, -180883, 150459, 186079, 158777, 137535, -84430, 578484, 351055, 425751, 593627, 521313, 315683, 406525, 501340, 359885, 241481, 169573, 218535, 250807, -18853, 32137, 341930, 91002, 91604, 134604, 244625, 218596, 170046, 244755, 367535, 281979, 389857, 421356, 425203, 299194, 43963, 51240, 157056, 259213, 158048, 18108, 432288, 562419, 168184, 499441, 506419, 282080, 207004, 115127, 224349, 211938, -2055, -4452, 180553, 176265, 173063, 82944, 49927, 280749, 186650, 134751]
funny [15087, 15838, 6956, 7890, 15482, 16946, 10309, 25793, 18765, 11719, 1073, 5195, 14749, 16248, 7653, 4494, 15739, 10083, 23987, 27548, 26032, 23556, 20657, 26263, 20287, 7147, 12097, 18515, 16565, 11172, 31616, 18826, 12393, 17911, -7241, 13637, 12317, 6510, 2733, 7456, 33443, 48089, 35079, 26280, 21446, 24900, 18132, 12322, 16316, 15829, 15746, -9211, 27655, 24780, 18453, 27568, 29271, 14945, 5721, 6835, 11760, 2427, 6750, 9452, 20319, 18451, 14898, 16576, 22880, 15421, 11373, 15750, 10908, 12749, 9111, 34029, 41183, 44676, 24488, 16481, 9548, 7940, 3188, 8259]
news [17771, 14494, 13325, 11634, -2334, 39367, 20745, 13853, 14422, -3684, 220, -5379, 6834, 4242, 8317, 2935, 13489, 41536, 35026, 26437, 25479, 23727, 28033, 26628, 21019, 16241, 15402, 13765, 27171, 63111, 32077, 30252, 21271, 20983, 7774, -6996, 12812, 8474, -7558, 22321, -6327, 57023, 17828, 28636, 34845, 42700, 27921, 12737, 15012, 15170, 11049, 17073, 22748, 32302, 21692, 32789, 25227, 7834, 5552, 3338, 11239, 4402, 10666, 9938, 44200, 21577, 16228, 35598, 24743, 23762, 23217, 20850, 22519, 11721, 6526, 4014, 21871, 16909, 27775, 55444, 49749, 9837, 19080, 25154]
todayilearned [19465, 29841, 9129, 1381, 3956, 14932, 22991, 41357, 23528, 31956, 61171, 23811, 26465, 34240, 22632, 15744, 20795, 14492, 51983, 24014, 13131, -2879, 15242, 23774, 27129, 17721, 14743, 16930, 17526, 59131, 43618, 16998, 17328, -2214, 10231, 2184, 24169, 22552, 15451, -4946, 23005, 12604, 31957, 16421, 33409, -11905, -17875, -1855, 23055, 18448, 6682, 45035, 20584, -2075, 33431, 14803, 25112, 12738, 9879, -14279, 6832, 1025, 131, 26167, 11421, -34, 37833, 8782, 21090, 16780, 29724, 21666, 12028, 15755, 15372, 9125, 23558, 63597, 58084, 26477, 31722, 12340, 3376, 10260]
announcements [4, -16, 15, -9, 12, 1, 1, 0, 0, 4, 10, -9, 14, 0, -12, 15, 2, 0, 1, 1, 0, 1, -1, 0, -1, -1, 5, 0, 4, -3, 0, 0, 6, 2, 0, 1, 9, 0, 0, 4, 0, -3, 0, 0, 4, -4, 0, 0, 5]
trashy [4554, 6007, 7180, 3941, 11080, 25055, 28682, 24787, 24927, 18217, 15268, 8743, 7474, 7716, -23652, 30120, 3886, 19277, 8356, 6400, 260, 4115, 8067, 11273, 10297, 6811, 3543, 2487, 12949, 49743, 38089, 13470, 20040, 13214, 10084, 25108, 17395, 12963, 9063, -35632, 39114, 30059, 41677, 21558, 3606, -18698, -22249, -5928, 6920, 7905, 11188, 17380, 14683, 17459, 19847, 31584, 27463, 22872, 23226, -3779, 13072, 8496, 5401, 14347, 9246, 1097, -12440, 20022, 9524, 2009, 2188, 3607, 7244, 1587, 18415, 14206, 8114, 11091, 7747, 6222, 6519, 2157, -5613, 1120]
Animemes [7429, 7880, 7830, 6135, 12412, 14354, 12711, 12827, 11563, 9605, 4244, 4188, 9550, 5936, 11608, 8753, 8202, 12508, 14585, 11708, 12483, 7866, 5211, 9356, 9977, 11307, 10138, 10237, 7763, 17927, 9182, 11861, 11248, 8049, 5559, 288, 7326, 6013, 7729, -74, 28173, 16073, 12177, 12533, 14033, 12091, 5858, 2693, 9522, 8420, 9913, 10809, 13982, 15296, 11980, 7124, 8580, 10197, 5144, 1656, 6634, 11494, 11972, 11146, 12408, 15575, 11679, 13555, 13306, 6027, 820, -1405, 4759, 6010, 8328, 9280, 9836, 17026, 12624, 13719, 10466, 7353, 10589, 3631]
AmItheAsshole [36132, 39536, 35108, 55208, 64353, 83683, 73791, 27292, 61470, 53512, 5463, -13656, 49841, 47749, 34835, -11534, 74056, 79211, 51496, 39814, 40639, 46927, 27374, 29565, 34473, 37269, -8175, 81396, 59077, 98149, 92244, 67409, 21924, 50073, 70757, 46046, 68418, 70928, 45341, 67133, 9455, 114027, 41500, 49055, 52587, 55003, 26139, 49534, 38667, 56873, 28578, 49808, 31249, 130191, 51385, 40485, 19848, 42176, 27112, -33514, 20142, 25157, 22549, 17548, 48442, 57047, 96796, 62265, 89241, 45970, 57956, 60661, 62812, 41624, 59347, 18039, 82905, 83468, 46781, -32669, 25271, 16235, 27287, -14610]
