politics [53103, 29142, 21227, 42490, 66771, 64403, 71845, 50176, 39747, 26221, -4748, 44510, 28071, 17515, 12279, 20234, 50123, 52731, 49100, 50281, 38017, 49292, 60347, 28723, 39041, 20945, 20402, 51803, 71245, 78631, 94423, 81109, 53754, 47308, 32625, 53455, 40904, 22107, 21753, 46482, 56745, 106698, 90156, 80559, 70248, 19961, 48053, 44799, 44283, 22527, 23162, 55242, 76921, 85597, 97680, 87971, 77869, 59222, 54128, 33038, 47505, 25888, 25562, 61215, 95680, 110774, 93092, 86393, 70520, 46649, 32775, 49490, 35548, 18993, 20277, 46411, 81524, 93522, 82967, 74746, 64300, 38292, 13192, 41500]
gaming [14423, 19982, 34176, 39258, 63100, 42274, 25010, 1446, 61493, 64355, 44549, 49841, 19183, 26205, 39202, 37793, 60576, 63808, 75796, 67745, 58753, 50372, 44241, 27419, 22003, 33136, 19137, 35447, 20350, 5021, 33984, 49331, 64464, 40823, 53875, 21864, 40231, 34191, 13488, 45057, 42311, 43489, 70333, 51786, 79551, -16770, 12785, 22077, 59223, 35849, 30120, 55624, 28233, 52580, 54482, 78511, 50320, 62838, -51427, 52103, 58262, 33296, 28160, 27828, 46920, 71794, 71878, 93087, 63953, 75077, 34217, 20589, 55001, 34414, 30271, 45930, 83839, 73066, 67004, 78804, 74009, 55, 29870, -24722]
worldnews [26643, 23770, 21293, 26590, 50651, 33672, 28522, 32467, -7869, 28248, -21812, 40696, 22642, 13283, 11797, 14556, 35337, 34853, 26087, 23030, 30212, 35237, 22649, -17438, 32569, 11342, 11086, 24016, 15732, 34242, 50800, 33946, 20992, 7894, 44236, 20304, 29327, 20343, 20350, 33491, 43764, 62277, 36665, 45721, 35799, -2680, 18905, -8955, 11385, 14603, 18287, 35975, 57430, 43926, 42165, 24127, 46098, 44564, -15029, 23622, 21671, 18685, 27183, 34955, 38899, 40487, 33021, -2092, 14884, 12358, 10490, 33664, 21141, 14277, 13467, 19615, 31320, 20467, 18354, 25460, 22866, 11377, -36700, 14704]
videos [8266, 5672, 4127, 5063, 9044, 11586, 1335, 6073, 9030, -10574, 5370, 1849, 4806, 4143, 3906, 6868, 7606, -2918, 7101, 7141, 8886, 12959, 13528, 4677, 6592, 4681, 3333, 6311, 8565, 10659, 10216, -6172, 7614, 6855, -4102, 6796, 5387, 1296, 1236, 1091, 2258, 7414, 10349, 6987, 7118, 6715, 6570, 10990, 9986, 6069, 3721, 4933, 3855, 11250, 6555, 5047, 3119, -23483, 656, 3969, 4995, 2878, 2418, 4273, 3336, 3649, 6861, 4502, 3634, 3151, 6714, -12659, 4034, 3298, 3718, 5988, 8164, 6352, 5688, 596, 10250, -11451, 4555, 3885]
AskReddit [22300, 15740, 12202, 12790, 15967, 28508, 23874, 4401, 16892, 20931, -44841, 12274, 26198, 25908, 19147, 15369, 23798, 33553, 31955, 16662, 6533, -3411, 31630, -30180, 26874, 21176, 17009, 20942, 27351, 20158, 22358, 20511, 37356, -5051, -767, 32437, 30387, 19669, 16812, 27849, 9012, 10025, 4186, 8858, -9825, 19867, -1330, 16592, 23115, 14425, 13820, 21028, 25061, 14653, 19345, 12330, 29357, 13938, -30497, 20067, 21097, 14295, 13494, 22179, 29178, 18086, 11373, 23027, 39638, -11514, 7859, 15409, 17412, 22609, 12757, 5796, 4523, 4056, 23436, 4694, 23828, 35822, 31308, 28761]
funny [67980, 58807, 32836, 57457, 59238, 65995, 62680, 111619, 61317, 25825, -29346, 9665, 48375, 55339, 24162, 23458, 66724, 37893, 63183, 87945, 88117, 68270, 77107, 76404, 56289, 31257, 53846, 70101, 72556, 48721, 78130, 52361, 49793, 61418, 7039, 67629, 50679, 38581, 36810, 75892, 85553, 99422, 117368, 97553, 87931, 98754, 53866, -19933, 75124, 61601, 63308, 57629, 59015, 84647, 80670, 105726, 109562, -74469, 43840, 63208, 31514, 16455, 25245, 68521, 71596, 50456, 61002, 88443, 66539, 73368, 45721, 53826, 57264, 45079, 54966, 88420, 87672, 116416, 78727, 57489, 45913, 41709, -42561, 74759]
news [13446, 11264, 10606, 12197, 11640, 21137, 16912, -4143, 5389, -8516, 12032, -5505, 10242, 7107, 4911, 5624, 10607, 18526, 13915, 11692, 16569, 3428, 24703, 17376, 13684, 10775, 9686, 14179, 21366, 25861, 12571, 16619, 723, 18080, 22717, -24240, 13152, 6777, 5334, 8076, 24375, 20335, 11453, 10297, 25806, 21521, 10996, 11864, 10667, 9642, 9231, 26237, 25417, 16203, 18225, 30970, 11995, 17320, -63, 11744, 12952, 7500, 7894, 21404, 20192, 14368, 14795, 18515, 14531, -13821, 26197, 23337, 15754, 10025, 8734, 13537, 16391, 8907, 15435, 19857, -11803, -10588, 13288, 18330]
todayilearned [26031, 26885, 5546, 5529, 7914, 12725, 35561, 25768, 22537, 35166, -1575, 26319, 22523, 20242, 20193, 18606, 28338, 45066, 37747, 19894, -18987, 23206, 39638, -9278, 29375, 17803, 16116, 27699, 40728, 30435, 34324, 18035, 11201, 1368, 29840, 33215, 32316, 20521, 17508, -24164, 56701, 19406, 29402, 8706, 23539, -6517, -63178, 11718, 27669, 14963, 7798, 22145, -33993, 53949, 19435, 27666, 23561, 32932, 39072, -8160, 18026, 13517, 17035, 23501, 18943, 27508, 29074, 9158, 25159, -2928, 32205, -31933, 18792, 16558, 15566, 8021, 28466, 23328, 18316, 9931, 13374, 20957, 8486, 13804]
trashy [6852, 6874, 9972, 5726, 13911, 11071, 17738, 16170, 12779, 6620, 20428, 12643, 9445, 9759, 9368, 9024, 11476, 16412, 16352, 12764, -8475, 4431, 14152, 12798, 9829, 8848, 6054, 4696, 14983, 26526, 22125, 883, 8530, 11726, 13106, 15774, 15283, 7993, 6575, 9624, 7249, 12337, 19641, 4677, 2427, 2964, -42960, 2260, 11610, 10066, 9484, 15230, 13767, 20502, 22046, 27397, 17158, 17232, 18743, -33357, 13706, 11224, 14299, 13403, 14775, -5606, -14607, 20682, 26271, 13565, 8892, 9077, 9918, 9933, 9087, 15518, 9205, 17592, 6392, 8824, 10370, 15363, -11186, 4510]
Animemes [40615, 37992, 42823, 38851, 48645, 70536, 45272, 45651, 50128, 44146, -225, 18435, 51997, 46023, 50478, 53733, 69806, 72783, 74172, 61825, 51766, 31081, 5320, 18399, 52547, 50647, 63932, 52288, 54934, 35335, 31503, 30796, 36065, 12813, 20348, 4189, 46685, 39038, 42141, 60729, 65531, 55077, 42610, 55094, 41455, 68624, 33049, -8142, 65016, 43526, 43079, 62527, 65019, 51974, 26959, 11343, 36438, 27163, 11060, 6987, 43841, 38979, 55847, 69844, 61117, 75552, 62444, 48274, 58033, 11432, -8214, 24120, 36330, 33040, 48074, 54092, 59613, 72180, 61684, 52067, 43380, 54004, 16751, -16124]
AmItheAsshole [5505, 5887, 5165, 5958, 8976, 11999, 9444, 3378, 7824, 8897, -8938, 5340, 12413, 7896, 6965, 6043, 12355, 8179, 8921, 1771, -1626, 10032, 1632, 6509, 8631, 6145, 5569, 8175, 12109, 15331, 8451, 9408, 5624, -17817, 16371, 4925, 10667, 9170, 7021, 11002, 13133, 12720, 2834, 3989, 10131, 9114, 5357, 9011, 8912, 6022, 5911, 9116, 11347, 11965, 8949, 11027, -12800, 6773, 4148, -10311, 2572, 1786, 2221, 3878, 7604, 10872, 15100, 12394, 13320, 8562, 8556, 7412, 8134, 6594, 7428, 8735, 8851, 12062, 9195, -9906, 5915, 3639, 8784, -13501]
